 &plot nbnd=  12, nks=   101 /
           -0.500000  0.500000  0.500000
   -3.562   -0.894    4.794    4.794    7.432    9.324    9.324   13.679   16.474   16.474
   17.144   17.188
           -0.490000  0.490000  0.490000
   -3.567   -0.886    4.794    4.794    7.433    9.325    9.325   13.680   16.420   16.420
   17.120   17.245
           -0.480000  0.480000  0.480000
   -3.584   -0.863    4.796    4.796    7.436    9.327    9.327   13.684   16.291   16.291
   17.052   17.382
           -0.470000  0.470000  0.470000
   -3.610   -0.824    4.800    4.800    7.440    9.331    9.331   13.690   16.130   16.130
   16.950   17.558
           -0.460000  0.460000  0.460000
   -3.647   -0.771    4.805    4.805    7.446    9.337    9.337   13.698   15.957   15.957
   16.823   17.752
           -0.450000  0.450000  0.450000
   -3.691   -0.704    4.811    4.811    7.453    9.343    9.343   13.708   15.780   15.780
   16.680   17.956
           -0.440000  0.440000  0.440000
   -3.743   -0.626    4.819    4.819    7.462    9.351    9.351   13.720   15.602   15.602
   16.527   18.166
           -0.430000  0.430000  0.430000
   -3.800   -0.537    4.828    4.828    7.473    9.361    9.361   13.734   15.425   15.425
   16.366   18.380
           -0.420000  0.420000  0.420000
   -3.863   -0.438    4.839    4.839    7.485    9.371    9.371   13.749   15.252   15.252
   16.202   18.598
           -0.410000  0.410000  0.410000
   -3.929   -0.330    4.851    4.851    7.499    9.383    9.383   13.765   15.081   15.081
   16.037   18.817
           -0.400000  0.400000  0.400000
   -3.999   -0.215    4.865    4.865    7.515    9.395    9.395   13.780   14.914   14.914
   15.872   19.037
           -0.390000  0.390000  0.390000
   -4.070   -0.093    4.879    4.879    7.532    9.407    9.407   13.795   14.752   14.752
   15.709   19.257
           -0.380000  0.380000  0.380000
   -4.143    0.036    4.896    4.896    7.550    9.420    9.420   13.807   14.595   14.595
   15.550   19.476
           -0.370000  0.370000  0.370000
   -4.217    0.170    4.913    4.913    7.571    9.433    9.433   13.814   14.442   14.442
   15.397   19.692
           -0.360000  0.360000  0.360000
   -4.291    0.310    4.932    4.932    7.593    9.446    9.446   13.815   14.295   14.295
   15.254   19.736
           -0.350000  0.350000  0.350000
   -4.366    0.454    4.953    4.953    7.616    9.458    9.458   13.804   14.155   14.155
   15.123   19.633
           -0.340000  0.340000  0.340000
   -4.440    0.602    4.975    4.975    7.641    9.470    9.470   13.778   14.020   14.020
   15.010   19.493
           -0.330000  0.330000  0.330000
   -4.513    0.754    4.998    4.998    7.667    9.480    9.480   13.733   13.892   13.892
   14.919   19.326
           -0.320000  0.320000  0.320000
   -4.586    0.910    5.022    5.022    7.695    9.488    9.488   13.665   13.772   13.772
   14.853   19.139
           -0.310000  0.310000  0.310000
   -4.657    1.070    5.048    5.048    7.724    9.494    9.494   13.574   13.659   13.659
   14.813   18.939
           -0.300000  0.300000  0.300000
   -4.727    1.232    5.075    5.075    7.754    9.497    9.497   13.461   13.555   13.555
   14.795   18.731
           -0.290000  0.290000  0.290000
   -4.796    1.398    5.103    5.103    7.786    9.498    9.498   13.331   13.459   13.459
   14.796   18.518
           -0.280000  0.280000  0.280000
   -4.863    1.566    5.132    5.132    7.819    9.495    9.495   13.188   13.372   13.372
   14.811   18.304
           -0.270000  0.270000  0.270000
   -4.928    1.737    5.163    5.163    7.853    9.488    9.488   13.034   13.294   13.294
   14.836   18.092
           -0.260000  0.260000  0.260000
   -4.992    1.910    5.195    5.195    7.888    9.477    9.477   12.874   13.226   13.226
   14.868   17.882
           -0.250000  0.250000  0.250000
   -5.053    2.085    5.228    5.228    7.925    9.461    9.461   12.708   13.169   13.169
   14.905   17.679
           -0.240000  0.240000  0.240000
   -5.113    2.263    5.261    5.261    7.962    9.441    9.441   12.538   13.121   13.121
   14.942   17.483
           -0.230000  0.230000  0.230000
   -5.170    2.442    5.296    5.296    8.000    9.416    9.416   12.365   13.083   13.083
   14.978   17.297
           -0.220000  0.220000  0.220000
   -5.226    2.623    5.332    5.332    8.039    9.387    9.387   12.190   13.056   13.056
   15.011   17.124
           -0.210000  0.210000  0.210000
   -5.279    2.806    5.368    5.368    8.078    9.353    9.353   12.013   13.039   13.039
   15.035   16.967
           -0.200000  0.200000  0.200000
   -5.330    2.989    5.405    5.405    8.118    9.315    9.315   11.835   13.031   13.031
   15.049   16.829
           -0.190000  0.190000  0.190000
   -5.378    3.174    5.443    5.443    8.158    9.273    9.273   11.655   13.032   13.032
   15.048   16.715
           -0.180000  0.180000  0.180000
   -5.425    3.360    5.481    5.481    8.198    9.227    9.227   11.475   13.042   13.042
   15.029   16.628
           -0.170000  0.170000  0.170000
   -5.469    3.546    5.519    5.519    8.238    9.179    9.179   11.294   13.060   13.060
   14.990   16.570
           -0.160000  0.160000  0.160000
   -5.510    3.732    5.558    5.558    8.277    9.128    9.128   11.114   13.085   13.085
   14.931   16.540
           -0.150000  0.150000  0.150000
   -5.549    3.918    5.596    5.596    8.316    9.076    9.076   10.934   13.116   13.116
   14.856   16.535
           -0.140000  0.140000  0.140000
   -5.586    4.104    5.635    5.635    8.354    9.023    9.023   10.754   13.153   13.153
   14.769   16.551
           -0.130000  0.130000  0.130000
   -5.620    4.289    5.672    5.672    8.391    8.969    8.969   10.576   13.196   13.196
   14.674   16.584
           -0.120000  0.120000  0.120000
   -5.652    4.472    5.709    5.709    8.426    8.916    8.916   10.400   13.242   13.242
   14.575   16.628
           -0.110000  0.110000  0.110000
   -5.682    4.652    5.745    5.745    8.459    8.863    8.863   10.227   13.290   13.290
   14.476   16.681
           -0.100000  0.100000  0.100000
   -5.708    4.829    5.780    5.780    8.489    8.813    8.813   10.058   13.341   13.341
   14.379   16.739
           -0.090000  0.090000  0.090000
   -5.733    5.002    5.812    5.812    8.515    8.764    8.764    9.894   13.393   13.393
   14.287   16.800
           -0.080000  0.080000  0.080000
   -5.755    5.169    5.843    5.843    8.538    8.719    8.719    9.738   13.444   13.444
   14.201   16.862
           -0.070000  0.070000  0.070000
   -5.774    5.328    5.872    5.872    8.555    8.677    8.677    9.592   13.493   13.493
   14.122   16.921
           -0.060000  0.060000  0.060000
   -5.791    5.477    5.897    5.897    8.566    8.639    8.639    9.459   13.540   13.540
   14.052   16.977
           -0.050000  0.050000  0.050000
   -5.805    5.614    5.920    5.920    8.570    8.606    8.606    9.342   13.582   13.582
   13.992   17.029
           -0.040000  0.040000  0.040000
   -5.816    5.734    5.939    5.939    8.566    8.578    8.578    9.245   13.619   13.619
   13.942   17.073
           -0.030000  0.030000  0.030000
   -5.825    5.834    5.954    5.954    8.556    8.556    8.556    9.171   13.649   13.649
   13.902   17.109
           -0.020000  0.020000  0.020000
   -5.832    5.910    5.965    5.965    8.540    8.540    8.542    9.119   13.672   13.672
   13.874   17.136
           -0.010000  0.010000  0.010000
   -5.836    5.957    5.971    5.971    8.530    8.530    8.531    9.090   13.686   13.686
   13.856   17.152
            0.000000  0.000000  0.000000
   -5.837    5.974    5.974    5.974    8.527    8.527    8.527    9.081   13.690   13.690
   13.850   17.158
           -0.020000  0.000000  0.000000
   -5.835    5.961    5.966    5.966    8.522    8.536    8.536    9.093   13.676   13.692
   13.858   17.161
           -0.040000  0.000000  0.000000
   -5.830    5.924    5.944    5.944    8.510    8.565    8.565    9.130   13.634   13.698
   13.881   17.170
           -0.060000  0.000000  0.000000
   -5.821    5.863    5.909    5.909    8.489    8.611    8.611    9.189   13.566   13.708
   13.919   17.185
           -0.080000  0.000000  0.000000
   -5.809    5.782    5.861    5.861    8.460    8.673    8.673    9.267   13.476   13.721
   13.972   17.206
           -0.100000  0.000000  0.000000
   -5.794    5.684    5.803    5.803    8.424    8.750    8.750    9.361   13.368   13.738
   14.039   17.233
           -0.120000  0.000000  0.000000
   -5.775    5.570    5.736    5.736    8.381    8.841    8.841    9.468   13.247   13.759
   14.119   17.266
           -0.140000  0.000000  0.000000
   -5.753    5.444    5.662    5.662    8.332    8.942    8.942    9.583   13.116   13.784
   14.212   17.305
           -0.160000  0.000000  0.000000
   -5.727    5.309    5.582    5.582    8.278    9.053    9.053    9.703   12.981   13.813
   14.317   17.350
           -0.180000  0.000000  0.000000
   -5.698    5.165    5.499    5.499    8.219    9.173    9.173    9.823   12.847   13.845
   14.434   17.400
           -0.200000  0.000000  0.000000
   -5.665    5.015    5.412    5.412    8.156    9.299    9.299    9.939   12.718   13.881
   14.560   17.457
           -0.220000  0.000000  0.000000
   -5.629    4.859    5.323    5.323    8.090    9.432    9.432   10.046   12.601   13.921
   14.697   17.519
           -0.240000  0.000000  0.000000
   -5.590    4.699    5.232    5.232    8.022    9.571    9.571   10.136   12.503   13.965
   14.842   17.587
           -0.260000  0.000000  0.000000
   -5.547    4.535    5.141    5.141    7.952    9.714    9.714   10.204   12.431   14.013
   14.996   17.661
           -0.280000  0.000000  0.000000
   -5.501    4.369    5.049    5.049    7.880    9.861    9.861   10.242   12.392   14.064
   15.158   17.740
           -0.300000  0.000000  0.000000
   -5.452    4.200    4.958    4.958    7.808   10.013   10.013   10.246   12.392   14.120
   15.326   17.825
           -0.320000  0.000000  0.000000
   -5.399    4.030    4.868    4.868    7.735   10.167   10.167   10.214   12.432   14.179
   15.501   17.914
           -0.340000  0.000000  0.000000
   -5.343    3.857    4.778    4.778    7.663   10.150   10.324   10.324   12.508   14.242
   15.681   18.009
           -0.360000  0.000000  0.000000
   -5.284    3.684    4.690    4.690    7.591   10.060   10.484   10.484   12.616   14.309
   15.867   18.108
           -0.380000  0.000000  0.000000
   -5.221    3.510    4.603    4.603    7.520    9.949   10.646   10.646   12.748   14.379
   16.058   18.212
           -0.400000  0.000000  0.000000
   -5.155    3.334    4.518    4.518    7.449    9.824   10.811   10.811   12.900   14.453
   16.252   18.320
           -0.420000  0.000000  0.000000
   -5.085    3.158    4.435    4.435    7.381    9.689   10.977   10.977   13.067   14.531
   16.450   18.430
           -0.440000  0.000000  0.000000
   -5.013    2.982    4.354    4.354    7.314    9.548   11.145   11.145   13.246   14.613
   16.652   18.544
           -0.460000  0.000000  0.000000
   -4.937    2.805    4.275    4.275    7.249    9.403   11.315   11.315   13.432   14.699
   16.855   18.658
           -0.480000  0.000000  0.000000
   -4.858    2.628    4.199    4.199    7.186    9.257   11.486   11.486   13.626   14.788
   17.061   18.773
           -0.500000  0.000000  0.000000
   -4.776    2.451    4.124    4.124    7.126    9.111   11.659   11.659   13.825   14.882
   17.267   18.887
           -0.520000  0.000000  0.000000
   -4.690    2.273    4.052    4.052    7.068    8.966   11.833   11.833   14.027   14.979
   17.473   18.996
           -0.540000  0.000000  0.000000
   -4.602    2.096    3.983    3.983    7.012    8.823   12.008   12.008   14.233   15.079
   17.679   19.100
           -0.560000  0.000000  0.000000
   -4.510    1.919    3.916    3.916    6.960    8.683   12.184   12.184   14.440   15.184
   17.883   19.192
           -0.580000  0.000000  0.000000
   -4.415    1.742    3.852    3.852    6.911    8.546   12.361   12.361   14.650   15.292
   18.084   19.271
           -0.600000  0.000000  0.000000
   -4.318    1.565    3.790    3.790    6.864    8.413   12.540   12.540   14.860   15.404
   18.281   19.329
           -0.620000  0.000000  0.000000
   -4.217    1.389    3.732    3.732    6.821    8.284   12.719   12.719   15.071   15.520
   18.472   19.361
           -0.640000  0.000000  0.000000
   -4.113    1.213    3.676    3.676    6.781    8.159   12.899   12.899   15.282   15.640
   18.655   19.364
           -0.660000  0.000000  0.000000
   -4.006    1.038    3.623    3.623    6.745    8.038   13.080   13.080   15.493   15.763
   18.828   19.333
           -0.680000  0.000000  0.000000
   -3.896    0.863    3.573    3.573    6.712    7.922   13.262   13.262   15.703   15.890
   18.989   19.270
           -0.700000  0.000000  0.000000
   -3.783    0.689    3.525    3.525    6.683    7.811   13.444   13.444   15.913   16.020
   19.135   19.178
           -0.720000  0.000000  0.000000
   -3.668    0.516    3.481    3.481    6.658    7.704   13.627   13.627   16.121   16.155
   19.060   19.060
           -0.740000  0.000000  0.000000
   -3.549    0.344    3.440    3.440    6.636    7.602   13.811   13.811   16.293   16.328
   18.921   18.921
           -0.760000  0.000000  0.000000
   -3.428    0.173    3.401    3.401    6.618    7.506   13.996   13.996   16.435   16.534
   18.767   18.767
           -0.780000  0.000000  0.000000
   -3.304    0.003    3.366    3.366    6.604    7.414   14.180   14.180   16.580   16.737
   18.600   18.600
           -0.800000  0.000000  0.000000
   -3.177   -0.166    3.333    3.333    6.594    7.327   14.365   14.365   16.730   16.938
   18.426   18.426
           -0.820000  0.000000  0.000000
   -3.048   -0.334    3.304    3.304    6.588    7.245   14.550   14.550   16.882   17.137
   18.245   18.245
           -0.840000  0.000000  0.000000
   -2.916   -0.500    3.278    3.278    6.586    7.168   14.735   14.735   17.039   17.333
   18.062   18.062
           -0.860000  0.000000  0.000000
   -2.782   -0.665    3.255    3.255    6.589    7.096   14.918   14.918   17.199   17.526
   17.876   17.876
           -0.880000  0.000000  0.000000
   -2.645   -0.829    3.234    3.234    6.596    7.029   15.099   15.099   17.363   17.692
   17.692   17.715
           -0.900000  0.000000  0.000000
   -2.505   -0.991    3.217    3.217    6.607    6.967   15.277   15.277   17.510   17.510
   17.530   17.901
           -0.920000  0.000000  0.000000
   -2.363   -1.151    3.203    3.203    6.622    6.910   15.448   15.448   17.335   17.335
   17.701   18.082
           -0.940000  0.000000  0.000000
   -2.219   -1.310    3.192    3.192    6.642    6.857   15.608   15.608   17.171   17.171
   17.876   18.258
           -0.960000  0.000000  0.000000
   -2.073   -1.466    3.185    3.185    6.666    6.810   15.747   15.747   17.030   17.030
   18.054   18.428
           -0.980000  0.000000  0.000000
   -1.924   -1.621    3.180    3.180    6.695    6.767   15.848   15.848   16.927   16.927
   18.236   18.592
           -1.000000  0.000000  0.000000
   -1.774   -1.774    3.178    3.178    6.729    6.729   15.887   15.887   16.888   16.888
   18.422   18.422
